1
0
16
4
9
25
49
36
81
64
144
121
100
169
225
196
256
289
361
400
324
576
529
625
484
441
784
676
729
841
961
900
1089
1024
1296
1225
1156
1600
1681
1444
1369
1521
1936
1849
1764
2116
2209
2025
2704
2500
2601
2304
2401
3249
2916
3025
2809
3136
3481
3600
3364
3844
3721
3969
4624
4096
4356
4489
4225
5184
4900
5041
4761
5329
5476
5776
5625
5929
6241
6084
6400
6889
7056
6561
6724
7396
7744
7225
7569
7921
8464
8281
8100
8836
8649
9025
9216
10000
9801
9409
9604
10816
10404
10609
10201
11025
11236
11449
11664
12321
12100
11881
13225
12996
12769
13456
12544
14161
14641
14400
13689
13924
14884
15129
15376
16129
15876
15625
16641
16384
17424
17161
16900
17956
17689
18769
18225
18496
19600
19321
19044
20449
20164
19881
21609
20736
21904
21316
21025
23409
22801
22201
23104
22500
23716
24336
24025
25281
24964
24649
26569
25600
25921
26896
26244
27556
27889
28224
27225
28561
29584
28900
29241
29929
30625
30276
31329
32400
30976
32041
31684
34225
33856
32761
33489
33124
34969
35344
34596
35721
36481
36100
38416
37249
36864
38025
37636
39601
38809
40401
39204
40000
41616
40804
41209
42849
42025
42436
44521
43264
43681
44100
44944
47089
45369
45796
46656
46225
47524
48400
47961
49284
49729
48841
50625
51076
51984
51529
50176
52441
52900
53361
54289
53824
55225
54756
55696
56644
56169
57121
59536
59049
58564
57600
58081
60516
61009
60025
61504
62001
63001
63504
62500
64009
65025
67600
66049
67081
66564
65536
64516
68121
68644
69169
70225
69696
71824
71289
70756
72361
73984
74529
76176
72900
75625
75076
73441
76729
80089
77284
79524
78961
77841
80656
78400
83521
81225
85264
82369
81796
84681
84100
82944
87025
88804
86436
90000
87616
85849
88209
89401
90601
93636
93025
94864
92416
91809
91204
94249
99856
95481
96721
97969
96100
97344
98596
99225
102400
100489
104976
103684
104329
103041
101761
101124
110224
106276
108241
106929
109561
107584
108900
105625
115600
112896
111556
113569
112225
114244
110889
114921
117649
116964
118336
121104
120409
119716
119025
116281
126025
125316
123201
123904
124609
126736
121801
122500
127449
130321
131769
128881
131044
132496
129600
128164
137641
133225
136161
136900
133956
138384
135424
134689
144400
142129
139876
143641
141376
142884
139129
140625
149769
148996
147456
148225
146689
145161
150544
145924
155236
151321
156025
152881
156816
154449
152100
153664
162409
160000
161604
160801
159201
163216
158404
157609
164025
166464
164836
168921
165649
169744
168100
167281
175561
181476
170569
173056
171396
173889
179776
182329
178084
177241
174724
183184
178929
180625
176400
172225
192721
187489
188356
189225
197136
190096
191844
184041
195364
190969
185761
196249
184900
194481
193600
186624
204304
198916
210681
201601
205209
209764
203401
200704
208849
211600
199809
206116
202500
207936
207025
198025
213444
217156
212521
219961
225625
224676
214369
222784
226576
219024
218089
220900
215296
216225
223729
221841
241081
233289
242064
239121
230400
232324
237169
240100
234256
231361
238144
236196
228484
229441
227529
235225
245025
246016
252004
250000
258064
247009
243049
257049
256036
249001
255025
248004
244036
251001
253009
254016
270400
259081
266256
262144
263169
271441
272484
261121
264196
265225
273529
267289
274576
260100
269361
268324
290521
276676
278784
289444
285156
286225
280900
281961
275625
287296
277729
284089
288369
283024
279841
291600
300304
298116
302500
301401
306916
297025
292681
308025
309136
295936
293764
303601
294849
305809
304704
299209
310249
318096
319225
316969
312481
320356
321489
314721
324900
322624
313600
323761
311364
315844
326041
327184
337561
341056
332929
345744
344569
331776
343396
330625
335241
329476
328329
336400
338724
334084
339889
342225
357604
360000
355216
352836
363609
356409
346921
350464
361201
362404
364816
351649
358801
348100
349281
354025
373321
380689
368449
370881
369664
374544
378225
372100
367236
384400
383161
366025
376996
381924
379456
375769
390625
386884
385641
396900
395641
398161
388129
401956
391876
394384
389376
399424
404496
403225
400689
393129
416025
405769
425104
409600
410881
421201
418609
417316
423801
412164
419904
422500
408321
414736
413449
407044
444889
436921
435600
430336
429025
432964
427716
431649
438244
434281
443556
439569
442225
440896
426409
446224
454276
452929
459684
447561
455625
466489
467856
456976
463761
451584
465124
448900
461041
462400
458329
450241
481636
470596
474721
478864
477481
469225
476100
471969
485809
480249
487204
483025
484416
488601
490000
473344
497025
502681
504100
509796
506944
512656
498436
505521
508369
491401
494209
495616
511225
499849
492804
501264
524176
514089
525625
535824
531441
521284
534361
532900
518400
528529
519841
522729
527076
515524
516961
529984
556516
538756
549081
547600
540225
544644
559504
550564
546121
537289
543169
541696
558009
552049
555025
553536
580644
574564
567009
561001
564001
582169
583696
570025
579121
568516
573049
576081
562500
565504
571536
577600
603729
599076
594441
595984
605284
591361
589824
597529
606841
600625
602176
585225
586756
592900
608400
588289
617796
625681
620944
628849
613089
619369
614656
624100
611524
633616
627264
622521
609961
632025
616225
630436
640000
641601
638401
636804
656100
648025
652864
651249
659344
654481
646416
644809
657721
643204
649636
635209
672400
677329
670761
680625
682276
664225
678976
683929
662596
665856
669124
667489
660969
685584
675684
674041
695556
697225
688900
700569
692224
702244
707281
687241
708964
710649
693889
703921
690561
705600
698896
712336
714025
715716
725904
724201
717409
734449
727609
729316
737881
722500
731025
719104
732736
736164
739600
720801
741321
743044
751689
756900
744769
762129
748225
746496
755161
758641
765625
753424
760384
749956
763876
767376
788544
792100
772641
790321
781456
776161
770884
793881
784996
774400
779689
783225
795664
786769
777924
769129
824464
820836
811801
804609
815409
817216
806404
808201
810000
799236
813604
797449
819025
802816
822649
801025
842724
844561
839056
837225
835396
848241
829921
846400
850084
833569
828100
853776
831744
840889
826281
851929
877969
876096
872356
861184
855625
859329
881721
870489
868624
863041
874225
857476
879844
866761
864900
883600
904401
896809
900601
887364
889249
908209
891136
902500
906304
910116
893025
913936
898704
894916
912025
885481
927369
937024
940900
942841
931225
944784
923521
935089
917764
915849
925444
938961
933156
919681
921600
929296
948676
956484
950625
946729
964324
970225
958441
954529
974169
976144
962361
972196
966289
968256
952576
960400
982081
988036
996004
984064
978121
998001
980100
994009
986049
990025
992016
